150.268
160.239
156.28
154.436
155.611
148.371
151.882
160.004
148.157
150.889
147.42
156.662
157.432
161.302
154.945
156.27
158.214
160.366
154.146
439.957
616.537
665.043
150.073
149.165
150.525
157.368
156.268
154.973
156.366
159.248
156.05
160.156
155.298
153.091
148.501
150.85
431.032
477.345
517.96
563.433
459.558
502.582
543.601
587.367
151.579
149.246
731.978
574.919
239.68
305.727
185.766
225.931
267.85
150.166
165.026
151.129
149.968
722.064
569.619
238.988
282.862
177.748
221.914
263.299
307.602
173.388
149.597
163.585
165.181
179.022
208.521
150.113
481.643
219.571
227.332
156.773
172.382
173.136
157.747
148.241
147.633
742.384
239.548
262.657
161.448
178.176
236.143
148.913
171.895
210.369
617.829
148.565
147.257
153.302
188.082
241.363
847.485
370.228
223.329
148.063
147.417
154.038
149.855
147.519
198.432
155.867
155.902
153.728
156.484
155.437
155.762
155.894
160.206
147.649
148.58
155.964
157.242
154.239
155.824
155.367
155.386
156.843
156.218
155.327
155.937
148.595
148.507
180.16
147.383
156.179
154.957
154.539
156.724
151.223
154.192
147.881
154.832
156.971
153.111
149.153
149.177
158.432
155.6
152.136
178.512
148.986
157.883
162.862
157.443
157.067
154.043
148.477
149.214
261.663
451.145
493.185
542.964
441.889
485.419
525.46
577.264
298.329
198.334
171.816
176.747
224.102
271.581
306.731
203.708
444.267
293.837
167.29
149.415
151.432
148.647
148.2
182.651
230.88
322.498
199.185
231.373
251.667
165.01
207.58
154.265
148.834
150.155
191.224
185.595
227.169
273.506
169.49
210.538
256.137
301.909
147.496
206.138
167.158
148.994
147.885
207.693
225.072
149.286
184.534
240.122
452.505
167.315
211.939
154.058
173.154
148.698
147.902
185.732
252.92
854.105
376.902
147.669
151.189
147.931
156.864
149.127
156.926
153.894
148.481
147.354
148.239
147.766
158.621
154.751
159.614
149.317
160.931
157.138
156.717
156.803
157.451
157.371
154.828
156.417
155.738
148.516
154.737
147.513
167.738
161.943
157.921
156.281
155.021
154.317
155.894
156.035
151.888
472.183
507.381
560.766
606.67
648.807
695.741
745.517
701.585
262.039
330.607
207.943
255.753
303.074
147.531
154.389
153.812
296.793
154.804
198.34
232.064
151.166
195.985
238.287
168.794
185.504
560.849
164.29
148.788
148.377
181.746
211.948
266.793
155.012
205.245
445.579
290.637
157.52
148.261
147.221
147.396
147.975
183.041
226.672
468.385
196.751
230.283
147.339
191.188
235.595
163.287
148.901
165.342
648.473
214.022
258.732
304.845
206.736
247.745
295.282
165.262
147.509
648.713
302.149
146.896
192.396
155.589
153.954
149.279
155.447
148.831
155.681
154.908
158.051
156.927
158.559
157.582
157.04
156.633
156.236
155.997
147.324
155.888
157.532
156.08
156.159
154.237
159.247
184.284
157.124
155.751
155.747
155.589
164.582
156.286
157.123
155.872
155.971
156.695
158.919
156.194
148.365
157.473
157.013
156.986
155.985
153.263
156.307
154.226
156.877
148.449
174.519
162.513
156.881
157.919
160.756
151.742
160.166
147.125
156.311
156.557
148.121
156.089
155.64
157.975
156.492
156.405
153.895
161.588
154.174
158.963
160.153
150.764
148.46
153.247
154.523
157.369
155.048
153.17
154.671
156.502
149.707
147.729
148.549
156.481
147.749
157.501
158.467
151.613
148.044
158.148
157.267
154.359
149.447
148.408
148.022
155.438
153.877
152.136
155.34
157.004
155.591
154.032
149.914
155.206
154.975
155.359
154.095
151.963
155.081
149.963
148.834
156.246
168.165
194.199
149.255
157.102
210.484
150.464
156.612
153.158
156.53
155.969
156.598
157.427
156.778
155.328
156.328
157.846
157.556
156.032
172.118
157.43
159.528
154.469
155.002
157.635
946.272
464.395
506.948
172.266
218.046
263.308
312.107
358.979
206.442
249.924
316.477
345.919
240.89
153.123
198.1
148.663
149.223
148.187
151.474
177.694
212.939
831.583
876.939
397.583
247.222
483.719
600.234
170.838
148.232
173.492
183.523
171.223
236.994
164.199
174.527
216.881
152.475
159.069
201.192
148.459
336.298
149.309
175.847
220.47
269.838
164.24
202.791
246.991
489.885
153.809
148.38
148.855
149.282
147.822
175.755
223.461
149.73
177.364
403.302
148.248
493.409
539.413
149.53
147.249
155.85
156.14
154.015
156.413
147.732
148.97
159.256
154.999
153.364
154.734
155.47
154.705
156.014
148.052
172.528
154.384
149.825
156.938
158.966
152.299
174.65
154.979
156.186
151.536
155.225
156.413
155.874
149.598
148.211
149.027
154.872
157.48
155.968
157.602
147.816
156.752
156.82
156.92
149.743
147.943
148.048
156.758
149.61
155.298
148.143
166.445
155.079
155.647
157.413
158.018
156.697
153.976
154.21
155.794
157.294
154.09
153.81
158.973
155.398
153.964
204.428
151.732
157.082
157.353
156.243
156.492
150.768
148.64
156.69
148.384
156.509
155.544
148.446
147.714
149.485
156.916
152.866
160.738
147.485
147.941
147.714
150.831
159.184
184.156
153.84
158.904
156.188
181.204
156.454
148.895
156.74
147.26
156.739
157.038
187.781
156.954
157.74
156.967
156.209
153.403
147.966
156.353
157.198
156.051
154.325
154.664
161.211
148.281
154.631
148.348
156.438
150.893
157.386
154.65
151.069
160.961
158.314
156.011
156.383
147.933
156.327
150.865
153.166
172.317
148.044
156.57
151.283
148.708
156.918
149.796
148.086
154.28
158.251
156.837
153.734
157.146
152.175
157.522
346.868
148.423
156.411
157.498
153.604
155.645
154.681
157.994
210.068
150.048
167.587
148.774
157.47
176.953
152.0
157.412
170.405
154.826
156.264
156.09
156.156
150.864
147.584
154.17
157.088
154.366
154.291
157.597
149.285
155.619
150.965
154.144
166.616
155.628
155.006
153.713
148.646
148.724
147.998
149.925
154.227
155.907
156.298
153.921
154.889
152.057
156.74
156.14
154.412
150.858
153.133
157.368
174.055
164.762
199.843
156.019
169.717
158.977
154.06
152.492
157.503
148.111
156.319
154.269
154.931
154.516
157.407
157.938
159.355
156.916
157.042
155.917
168.015
156.551
153.806
155.451
148.136
148.022
157.194
155.753
156.758
159.526
148.79
156.58
157.441
156.171
183.465
155.466
156.909
156.605
153.905
151.426
157.088
184.539
179.737
156.92
156.839
156.707
155.978
156.526
213.81
160.202
156.623
156.96
190.727
156.457
155.904
156.545
157.313
170.193
155.774
156.406
148.128
149.282
155.163
148.078
154.002
165.567
156.117
154.463
156.189
156.718
150.815
156.101
155.749
154.138
157.623
156.125
161.803
156.334
159.024
156.03
150.373
155.953
157.017
154.485
157.565
148.778
319.532
366.466
342.799
156.222
167.038
147.657
148.721
154.958
148.475
154.0
148.118
153.59
147.381
147.511
157.483
157.015
150.728
156.831
148.895
155.997
155.874
154.424
155.545
148.374
156.596
155.301
152.21
156.68
153.982
153.37
154.595
157.285
159.601
155.816
147.065
154.674
148.545
147.885
155.219
157.055
156.523
156.67
207.245
156.731
156.549
152.541
154.941
154.842
184.278
157.343
152.997
155.344
155.337
155.393
154.411
155.106
164.907
156.132
153.947
156.434
154.415
154.038
157.635
156.323
156.429
178.412
151.139
157.033
156.39
157.364
149.223
150.515
157.582
195.126
157.264
158.957
151.944
156.739
156.422
157.18
148.968
151.73
148.241
148.435
157.47
156.235
162.403
153.359
665.775
154.253
154.64
